1  1
2  11		2
3  111		12		3
4  1111		112		13		22
5  11111	1112		113		122		23	
6  111111	11112		1113		1122		123		33	222	
7  1111111	111112		11113		11122		1123		133	1222		223
8  11111111	1111112		111113		111122		11123		1133	11222		1223	233		2222		
9  111111111	11111112	1111113		1111122		111123		11133	111222		11223	1233	333	12222	2223	
10 1111111111	111111112	11111113	11111122	1111123		111133	1111222		111223	11233	1333	112222	12223	2233
11 11111111111	1111111112	111111113	111111122	11111123	1111133	11111222	1111223	111233	11333	1112222	112223	12233	2333	